grid_0 = off
grid_0 = off
#cam rotation: 
camR0_0: 1.000000 0.000000 0.000000 0.000000
camR1_0: 0.000000 1.000000 0.000000 0.000000
camR2_0: 0.000000 0.000000 1.000000 0.000000
camR3_0: 0.000000 0.000000 0.000000 1.000000
camT0_0: 1.000000 0.000000 0.000000 0.000000
camT1_0: 0.000000 1.000000 0.000000 0.000000
camT2_0: 0.000000 0.000000 1.000000 0.000000
camT3_0: -88.000000 288.000000 5000.000000 1.000000
camS0_0: 4.617974 0.000000 0.000000 0.000000
camS1_0: 0.000000 4.617974 0.000000 0.000000
camS2_0: 0.000000 0.000000 4.617974 0.000000
camS3_0: 0.000000 0.000000 0.000000 1.000000
